0	0	0.81 2.7 -2.27
0	0.06673	0.83 2.75 -2.31
0	0.13346	-10.77 1.43 20.65
0	0.2002	-10.83 1.49 20.7
0	0.26693	1.32 3.62 -3.38
0	0.66733	8.3 2.4 -1
0	0.73406	2.58 1.12 7.47
0	0.8008	5.01 1.3 7.24
0	0.86753	9.05 1.66 2.06
0	0.93426	4.36 1.59 1.38
0	1.001	7.26 2.85 2.81
0	1.06773	6.87 2.97 3.53
0	1.13446	6.66 3.12 4.84
0	1.2012	6.32 3.2 5.7
0	1.26793	6 3.23 6.4
0	1.33466	5.79 3.28 7.62
0	1.4014	5.46 3.22 7.94
0	1.46813	5.17 3.15 8.59
0	1.53486	4.94 3.12 9.8
0	1.6016	4.66 3.02 10.94
0	1.66833	4.38 2.86 11.61
0	1.73506	4.13 2.72 12.35
0	1.8018	3.87 2.52 13.41
0	1.86853	3.68 2.42 14.21
0	1.93526	3.38 2.04 14.93
0	2.002	3.15 1.76 7.35
0	2.06873	2.79 2.72 15.65
0	2.13546	2.52 3.28 15.74
0	2.2022	2.2 3.96 15.8
0	2.26893	1.87 4.58 15.88
0	2.33566	1.6 5.06 15.94
0	2.4024	1.28 5.56 16
0	2.46913	0.97 6.02 16.07
0	2.53586	0.73 6.37 16.12
0	2.6026	0.41 6.74 16.18
0	2.66933	0.11 7 16.23
0	2.73606	-0.13 7.26 16.27
0	2.8028	-0.43 7.47 16.3
0	2.86953	-0.75 7.69 16.38
0	2.93626	-0.97 7.74 16.42
0	3.003	-1.24 7.82 16.48
0	3.06973	-1.54 7.84 16.54
0	3.13646	-1.8 7.84 16.55
0	3.2032	-2.06 7.75 16.62
0	3.26993	-2.31 7.63 16.64
0	3.33667	-2.56 7.52 16.68
0	3.4034	-2.79 7.29 16.7
0	3.47013	-3.07 7.04 16.71
0	3.53687	-3.3 6.81 16.75
0	3.6036	-3.58 6.41 16.73
0	3.67033	-3.78 6.12 16.75
0	3.73707	-4.04 5.68 16.79
0	3.8038	-4.26 5.23 16.78
0	3.87053	-4.45 4.8 16.78
0	3.93727	-4.67 4.29 16.78
0	4.004	-4.87 3.73 16.77
0	4.07073	-8.65 5.27 17.69
0	4.13747	-5.24 2.58 16.77
0	4.2042	-2.22 1.07 15.86
0	4.27093	-2.25 1.17 14.81
0	4.33767	-4.84 2.64 16.84
0	4.4044	-4.47 3.09 16.93
0	4.47113	-4.16 3.4 17.02
0	4.53787	-3.78 3.75 17.05
0	4.6046	-3.43 4.03 17.14
0	4.67133	-3.12 4.24 17.23
0	4.73807	-2.76 4.42 17.28
0	4.8048	-2.39 4.57 17.32
0	4.87153	-2.09 4.64 17.39
0	4.93827	-1.74 4.7 17.43
0	5.005	-1.39 4.7 17.5
0	5.07173	-1.1 4.66 17.57
0	5.13847	-0.74 4.56 17.59
0	5.2052	-0.4 4.42 17.63
0	5.27193	-0.13 4.26 17.7
0	5.33867	0.21 4.04 17.72
0	5.4054	0.54 3.75 17.73
0	5.47213	0.8 3.49 17.79
0	5.53887	1.12 3.12 17.8
0	5.6056	1.42 2.71 17.8
0	5.67233	1.6 2.52 17.88
0	5.73907	2.25 1.67 17.16
0	5.8058	2.02 2.46 17.55
0	5.87253	1.98 2.73 17.75
0	5.93927	2.06 3.22 16.25
0	6.006	2.04 3.73 15.82
0	6.07273	2.06 4.1 15.27
0	6.13947	2.06 4.51 14.76
0	6.2062	2.08 4.85 14.17
0	6.27293	2.11 5.09 13.58
0	6.33967	2.13 5.35 13.09
0	6.4064	2.15 5.54 12.51
0	6.47313	2.17 5.65 11.96
0	6.53987	2.18 5.76 11.48
0	6.6066	2.23 5.82 10.91
0	6.67334	2.25 5.8 10.36
0	6.74007	2.27 5.78 9.86
0	6.8068	2.33 5.66 9.23
0	6.87354	2.36 5.54 8.76
0	6.94027	2.39 5.35 8.23
0	7.007	2.44 5.12 7.66
0	7.07374	2.47 4.89 7.23
0	7.14047	2.52 4.57 6.68
0	7.2072	2.56 4.21 6.2
0	7.27394	2.6 3.87 5.78
0	7.34067	2.65 3.42 5.23
0	7.4074	2.67 2.95 4.91
0	7.47414	2.74 2.49 4.33
0	7.54087	2.77 1.87 3.87
0	7.6076	3.14 0.72 4.86
0	7.67434	3.72 1.23 3.74
1	7.74107	2.91 1.83 3.75
0	7.87454	3.14 3.09 4.16
0	7.94127	3.22 3.39 4.3
1	8.008	3.18 3.37 4.38
0	8.07474	3.37 3.81 4.59
0	8.14147	3.46 3.97 4.73
0	8.2082	3.54 4.08 4.88
0	8.27494	3.6 4.15 5.01
0	8.34167	3.68 4.18 5.15
0	8.4084	3.76 4.16 5.28
0	8.47514	3.84 4.1 5.4
0	8.54187	3.91 3.99 5.54
0	8.6086	3.99 3.83 5.68
0	8.67534	4.05 3.66 5.79
0	8.74207	4.13 3.43 5.92
0	8.8088	4.2 3.14 6.03
0	8.87554	4.25 2.86 6.15
0	8.94227	4.33 2.45 6.26
0	9.009	2.62 1.27 7.77
1	9.07574	4.4 2.2 6.39
0	9.2092	3.89 2.98 6.62
0	9.27594	3.67 3.34 6.68
0	9.34267	3.46 3.65 6.75
0	9.4094	3.28 3.86 6.8
0	9.47614	3.07 4.08 6.86
0	9.54287	2.88 4.24 6.92
0	9.6096	2.7 4.34 6.98
0	9.67634	2.5 4.42 7.03
0	9.74307	2.29 4.44 7.11
0	9.80981	2.13 4.42 7.14
0	9.87654	1.93 4.36 7.19
0	9.94327	1.74 4.25 7.24
0	10.01	1.57 4.1 7.28
0	10.0767	1.38 3.9 7.32
0	10.1435	1.19 3.66 7.36
0	10.2102	1.03 3.42 7.41
0	10.2769	0.84 3.1 7.45
0	10.3437	1.15 2.31 7.45
0	10.4104	1.05 1.9 8.42
0	10.4771	1.46 2.46 8.69
0	10.5439	1.12 2.59 10.26
0	10.6106	1.69 2.45 9.42
0	10.6773	1 1.98 12.34
0	10.7441	1.3 2.46 9.26
0	10.8108	0.3 2.54 15.35
0	10.8775	2.98 0.67 14.81
0	10.9443	3.11 0.86 14.6
0	11.011	3.22 0.95 14.32
0	11.0777	2.68 0.59 14.38
0	11.1445	4.92 3.19 13.3
0	11.2112	4.74 3.55 13.18
0	11.2779	4.54 3.94 13.09
0	11.3447	4.33 4.25 12.98
0	11.4114	4.16 4.48 12.86
0	11.4781	3.98 4.73 12.78
0	11.5449	3.78 4.92 12.68
0	11.6116	3.61 5.04 12.57
